Norm Convergence: 1e-9

Accuracy Root
[ 0.85336864  1.41347457 -0.05283902 -0.03830521 -0.0475428   0.88643922
 -0.35915753 -0.20950856  0.88028082 -0.05985959]
Jacobi Method Result
[ 0.85336864  1.41347457 -0.05283902 -0.03830521 -0.0475428   0.88643922
 -0.35915753 -0.20950856  0.88028082 -0.05985959]
GS Method result
[ 0.85336864  1.41347457 -0.05283902 -0.03830521 -0.0475428   0.88643922
 -0.35915753 -0.20950856  0.88028082 -0.05985959]
SOR Method result
[ 0.85336864  1.41347457 -0.05283902 -0.03830521 -0.0475428   0.88643922
 -0.35915753 -0.20950856  0.88028082 -0.05985959]
