n = 9 差分法の結果
[[0.00000000e+00 0.00000000e+00 0.00000000e+00 0.00000000e+00
  0.00000000e+00 0.00000000e+00 0.00000000e+00 0.00000000e+00
  0.00000000e+00 0.00000000e+00]
 [0.00000000e+00 1.07737903e-02 2.28470587e-02 3.76760196e-02
  5.70492644e-02 8.33034926e-02 1.19605351e-01 1.70333381e-01
  2.41606130e-01 3.42020143e-01]
 [0.00000000e+00 2.02481025e-02 4.29384249e-02 7.08077552e-02
  1.07217546e-01 1.56559355e-01 2.24784532e-01 3.20122042e-01
  4.54070994e-01 6.42787610e-01]
 [0.00000000e+00 2.72801947e-02 5.78507834e-02 9.53990304e-02
  1.44453808e-01 2.10931848e-01 3.02851381e-01 4.31299260e-01
  6.11768195e-01 8.66025404e-01]
 [0.00000000e+00 3.10218928e-02 6.57854836e-02 1.08483775e-01
  1.64266810e-01 2.39862847e-01 3.44389883e-01 4.90455422e-01
  6.95677124e-01 9.84807753e-01]
 [0.00000000e+00 3.10218928e-02 6.57854836e-02 1.08483775e-01
  1.64266810e-01 2.39862847e-01 3.44389883e-01 4.90455422e-01
  6.95677124e-01 9.84807753e-01]
 [0.00000000e+00 2.72801947e-02 5.78507834e-02 9.53990304e-02
  1.44453808e-01 2.10931848e-01 3.02851381e-01 4.31299260e-01
  6.11768195e-01 8.66025404e-01]
 [0.00000000e+00 2.02481025e-02 4.29384249e-02 7.08077552e-02
  1.07217546e-01 1.56559355e-01 2.24784532e-01 3.20122042e-01
  4.54070994e-01 6.42787610e-01]
 [0.00000000e+00 1.07737903e-02 2.28470587e-02 3.76760196e-02
  5.70492644e-02 8.33034926e-02 1.19605351e-01 1.70333381e-01
  2.41606130e-01 3.42020143e-01]
 [0.00000000e+00 0.00000000e+00 0.00000000e+00 0.00000000e+00
  0.00000000e+00 0.00000000e+00 0.00000000e+00 0.00000000e+00
  0.00000000e+00 1.22464680e-16]]
n = 9 精確値
[[0.00000000e+00 0.00000000e+00 0.00000000e+00 0.00000000e+00
  0.00000000e+00 0.00000000e+00 0.00000000e+00 0.00000000e+00
  0.00000000e+00 0.00000000e+00]
 [0.00000000e+00 1.05489321e-02 2.23963242e-02 3.70004625e-02
  5.61589592e-02 8.22300187e-02 1.18422708e-01 1.69191956e-01
  2.40786912e-01 3.42020143e-01]
 [0.00000000e+00 1.98255074e-02 4.20913212e-02 6.95381232e-02
  1.05544319e-01 1.54541884e-01 2.22561889e-01 3.17976866e-01
  4.52531369e-01 6.42787610e-01]
 [0.00000000e+00 2.67108339e-02 5.67094836e-02 9.36884599e-02
  1.42199476e-01 2.08213717e-01 2.99856822e-01 4.28409073e-01
  6.09693865e-01 8.66025404e-01]
 [0.00000000e+00 3.03744395e-02 6.44876454e-02 1.06538586e-01
  1.61703278e-01 2.36771902e-01 3.40984597e-01 4.87168822e-01
  6.93318282e-01 9.84807753e-01]
 [0.00000000e+00 3.03744395e-02 6.44876454e-02 1.06538586e-01
  1.61703278e-01 2.36771902e-01 3.40984597e-01 4.87168822e-01
  6.93318282e-01 9.84807753e-01]
 [0.00000000e+00 2.67108339e-02 5.67094836e-02 9.36884599e-02
  1.42199476e-01 2.08213717e-01 2.99856822e-01 4.28409073e-01
  6.09693865e-01 8.66025404e-01]
 [0.00000000e+00 1.98255074e-02 4.20913212e-02 6.95381232e-02
  1.05544319e-01 1.54541884e-01 2.22561889e-01 3.17976866e-01
  4.52531369e-01 6.42787610e-01]
 [0.00000000e+00 1.05489321e-02 2.23963242e-02 3.70004625e-02
  5.61589592e-02 8.22300187e-02 1.18422708e-01 1.69191956e-01
  2.40786912e-01 3.42020143e-01]
 [0.00000000e+00 0.00000000e+00 0.00000000e+00 0.00000000e+00
  0.00000000e+00 0.00000000e+00 0.00000000e+00 0.00000000e+00
  0.00000000e+00 1.22464680e-16]]
