n = 5 差分法の結果
[[0.00000000e+00 0.00000000e+00 0.00000000e+00 0.00000000e+00
  0.00000000e+00 0.00000000e+00]
 [0.00000000e+00 3.63497041e-02 8.65837596e-02 1.69889868e-01
  3.18088133e-01 5.87785252e-01]
 [0.00000000e+00 5.88150567e-02 1.40095466e-01 2.74887582e-01
  5.14677410e-01 9.51056516e-01]
 [0.00000000e+00 5.88150567e-02 1.40095466e-01 2.74887582e-01
  5.14677410e-01 9.51056516e-01]
 [0.00000000e+00 3.63497041e-02 8.65837596e-02 1.69889868e-01
  3.18088133e-01 5.87785252e-01]
 [0.00000000e+00 0.00000000e+00 0.00000000e+00 0.00000000e+00
  0.00000000e+00 1.22464680e-16]]
n = 5 精確値
[[0.00000000e+00 0.00000000e+00 0.00000000e+00 0.00000000e+00
  0.00000000e+00 0.00000000e+00]
 [0.00000000e+00 3.41249892e-02 8.21710691e-02 1.63738358e-01
  3.12101758e-01 5.87785252e-01]
 [0.00000000e+00 5.52153924e-02 1.32955583e-01 2.64934229e-01
  5.04991252e-01 9.51056516e-01]
 [0.00000000e+00 5.52153924e-02 1.32955583e-01 2.64934229e-01
  5.04991252e-01 9.51056516e-01]
 [0.00000000e+00 3.41249892e-02 8.21710691e-02 1.63738358e-01
  3.12101758e-01 5.87785252e-01]
 [0.00000000e+00 0.00000000e+00 0.00000000e+00 0.00000000e+00
  0.00000000e+00 1.22464680e-16]]
